{"validation_score": 0.4424242424242424, 

"F1_score_train": 0.495831502702091, 
"F1_score_test": 0.37342466357037224, 
"F1_score_validation": 0.3923351812130597, 

"accuracy_train": 0.4484848484848485, 
"accuracy_test": 0.29819277108433734, 
"accuracy_validation": 0.3072289156626506, 

"recall_score_train": 0.3825907107028858, 
"recall_score_test": 0.27639140044203336, 
"recall_score_validation": 0.2973837085034817, 

"precision_score_train": 0.5235033259423504, 
"precision_score_test": 0.24640159195513095, 
"precision_score_validation": 0.2564513774858602

